1 6.207646780414708 7.811459505175233 8.017310244682887 7.122865586673857
2 5.328262554760249 5.370434901587439 3.5308128110080816 1.9140682152941269
3 9.24956588568042 6.783545667852628 7.398494198042503 6.879527344022098
4 2.3748678085902064 8.169869682349088 0.2063929976530865 9.12053627406361
5 9.330811631753416 5.575701093661108 6.912110456395309 1.6379247076868564
6 3.785878026492707 3.1656638517148017 8.038008489361676 0.07725465047672686
7 6.271891203549727 4.409517735423231 4.38171891355505 3.1131704137229352
8 0.35209035316131176 6.8704277329546635 9.631479310935603 9.192934335301727
9 6.020352781997756 8.007114468387 4.971071668738464 5.572072626135278
10 1.5696630793519617 1.5214391653314174 7.268906367831605 9.100440998980936
11 0.333945394149312 1.2146197225275002 7.76806306953663 2.0549159243540807
12 6.685885787307974 2.0594129275014894 1.3288610076440632 0.4653066034303188
13 6.464390992459462 6.252242678998163 7.222801261655239 6.842968626083456
14 0.6088426787858436 5.378387892686574 1.2364836960883607 3.997000526177197
15 7.193327512915648 8.5049929026558 5.416373452715407 1.7107825479957761
16 6.282527928494509 0.010795158927633386 6.170051739945006 3.4520211770341014
17 4.071989000518324 0.26811264117313827 3.6368570180919333 6.002342105276785
18 7.628978499524591 6.911769689927972 5.250579453944598 0.9178712109222154
19 9.216182371357423 4.36128292926167 4.2391488795980505 3.0701322052549096
20 9.658987510411185 4.506767145175283 9.441012268675607 8.166979924745567
21 3.5081248881301508 2.025666461919905 6.265166402580609 8.116180122486288
22 4.8529560653203285 3.6665486583667772 9.881578847047308 0.3696334832378312
23 1.5567048240708614 2.0178508339213885 0.800990528601252 4.974139692941872
24 7.413452671972998 0.773596807449205 9.88786412200017 0.9549773812467965
25 6.267727380481728 0.31475265076598036 4.5475069969707205 1.8714778575455115
26 9.491036594174826 9.544025013757238 0.33816039395603514 8.909151712872514
27 8.375707364259485 2.343547076884266 2.58111331757378 8.710824665646188
28 5.984911506850602 4.769041601905264 0.6766688629378037 2.299623729430018
29 8.788774043368262 2.1506832518127506 3.781050104966761 0.9095525056203757
30 7.019971090363926 3.640032620561202 0.2591037419619435 4.314777884123579
31 4.098247973020207 5.42404887353104 4.899921530458748 7.336645002635437
32 9.70179719507405 2.821325922356106 7.267268122883853 0.6078289629904976
33 8.104452453799105 5.78234922255602 1.7539667059080744 2.385917848997158
34 3.251176310729612 1.9346965052388299 4.9191621604555085 9.234117531425902
35 4.710324108354488 6.245757145955907 8.5096448933 4.724654912838746
36 4.11969430109901 6.619680158383677 7.201185667723838 6.97085143320141
37 0.0343826301982153 0.3019026276404613 8.543096130319839 7.75672271013828
38 0.1879731267803797 6.833753105280335 8.848996955127962 8.30835830823619
39 4.094624712771661 9.48126002871213 2.8490399424699655 9.339222786025829
40 5.648110932201252 8.556443122492107 6.803593657208235 5.901906384028147
41 4.91490273385614 6.855998420484793 4.4756764886597855 0.7917505292910509
42 0.6718891452450237 9.56143452057746 2.8691732814658852 3.7731615617418237
43 0.40534985073342744 8.376355552646443 9.96215020311392 7.737313931082214
44 2.4663092321130087 2.420726579702297 9.79934019186169 7.050339169447827
45 5.868417967127691 6.458599314550563 1.2551388649173612 7.813984015457116
46 6.8180205951908786 0.4049138614082304 5.538219071172453 4.536115348772335
47 7.48208717259763 2.738638349699629 4.081132702896997 2.796333954549702
48 1.7282017349875745 4.443642252117183 2.8430389669905076 2.892359651201133
49 4.611810507706947 9.405344265795172 1.2509626673621776 5.1657295808103605
50 7.239459814699993 1.8103135556801764 4.014747742067614 3.730750904570316
51 6.302756455438031 1.027648814051364 1.8731440410256495 1.6685365792281504
52 8.056308140768355 9.695091223951916 2.963223343468433 7.3983402356680825
53 9.803912788659577 1.2894778095943293 9.952594148098473 8.901304613301326
54 8.06078423928392 9.330276540926173 9.33364118969432 9.747121297823012
55 1.4756121624562635 1.5465843470802676 8.351290408386093 8.461991656007676
56 8.324775417688775 8.832115821534753 1.9205608864929713 0.6766744951296633
57 2.9320433046486025 0.6193436048952072 6.587427718896567 1.7062898971281248
58 2.720606817531327 5.4230987764310035 1.0962965624036514 5.738942048437226
59 7.770310801014325 7.735573058668229 3.4496402922010336 6.648117913785407
60 7.7314613064088435 0.1988146388308787 2.4801306819922644 4.5942012162927455
61 6.737604571824579 3.037438832839009 7.902849094725832 2.04334055005711
62 5.563190014656765 1.103425534180239 6.574935851343421 2.607295570702645
63 1.6880413656540505 2.5665107444128354 4.262298300582758 6.195776945693913
64 2.1590775750039013 2.2778197399137534 1.5977652933276476 4.37318784110798
65 1.1807437629208406 7.141032206567791 0.11234138257628201 0.524563300702946
66 4.219122584386787 0.4445100530210955 9.230977177763108 0.4608963871055627
67 3.0707155133423223 7.039459574126001 7.946542863697398 0.431929251205192
68 1.825399059775833 1.4933355168432583 5.520452068379691 1.164878291769671
69 1.944076390082834 6.904344027593609 4.005653445016494 8.510453027716498
70 5.7750576935730376 2.932033587459829 1.6474687462106452 3.5529204655542843
71 1.7492229098658285 7.780608715136217 0.2900260979068481 7.628854643790188
72 1.2225327549396636 0.3657410655958593 1.8007990869299129 0.5996031682408764
73 6.475470874763161 5.7022895553286865 8.22303091101693 3.935393999804374
74 1.7325145602007475 8.669489160775628 7.875585538126826 3.694395923301348
75 4.230748543625726 8.74179979612083 4.942035609370898 2.31793292631451
76 0.34525119801650295 1.0177546644364333 3.2255629916233786 2.3134514987398704
77 2.5698979534900612 6.9357827840501605 5.693509759532827 9.359723208876932
78 6.755742338193876 1.435127457829084 0.1951883733083426 7.144156811196134
79 5.4251511872683515 2.0016122195793775 8.308819652719915 1.3299886339664513
80 2.2083866491599533 9.032161025284024 8.658239224052801 5.451506501879548
81 4.490340225643552 6.258605619188441 8.237272103317622 7.248354827749244
82 6.208645876487921 4.59046463404782 5.28944541374522 9.975359009692387
83 0.41040576386676797 2.66801227175569 5.112973633141293 9.562197833060576
84 1.6532886721191742 2.6611009455425085 5.795714889481589 5.147641560663691
85 1.6277659410585443 0.40583701401530226 4.332064396484371 7.475968698121475
86 7.480775066003903 4.840353605211218 4.833516631373321 6.918559503209329
87 1.2371079040196575 2.8825647634100338 9.616890857606121 0.47155749725747764
88 0.44334504233281335 2.3869228388555044 0.8389841756999961 4.980881549240687
89 4.7001645687633555 7.623845866527845 5.0436793324138005 2.0587611352051316
90 0.10237546484353932 8.84461725341229 5.497299973143206 8.681356276131552
91 3.772040172326876 9.92620682891231 7.510273735439949 6.294916343612639
92 3.6485635234622036 5.834597858419091 0.077925953485386 0.40832452052571355
93 4.490644668394244 4.701846707952841 3.1204979302361693 2.112758123500973
94 9.64850310743206 7.681243921725752 3.362240490004038 2.744593077278651
95 9.580802421933283 3.4265844051968974 3.4617086319873245 2.9955703322040614
96 2.3192165240205895 3.035696303172324 8.390144527242056 8.174626511406206
97 8.124594883849847 5.6050167672611355 0.2520968017758951 2.038689041083459
98 0.4321995488009367 4.161146166157766 7.7522017592503065 2.635125104036838
99 7.849502775367983 6.666951316073391 9.334304300864284 4.93641858250769
100 7.448549602673841 7.043927765557173 9.653871673175491 6.698048496955127
101 7.885906792586806 6.709176274337274 7.491915607069987 5.933427245385228
102 1.9867315398530638 7.99448105124381 9.47840071781844 0.6751476178093485
103 2.3455125844402067 6.996629844306091 8.065389498956245 4.279682612247102
104 0.22455076747464942 4.902243307214316 4.074933168750702 2.433067654320411
105 7.5722605791320685 3.6370313312520954 3.8439887962795725 1.2279885052790762
106 4.336891384802708 3.8085341499630445 8.49840344784171 9.208086820233344
107 8.417283208523507 0.34303644224678354 8.210277011224484 0.11318837717680053
108 3.5707834747565914 3.9614986940393315 7.42777526858046 7.20954824242482
109 1.3894734583060453 4.695979277132471 8.01373828523328 4.552094953555478
110 7.059362227621136 7.017164640265995 5.9891848201898625 5.3010539587388115
111 5.03322528178048 4.825265800992425 4.150087603316078 2.303210888281689
112 9.976281167019732 8.550683533476676 7.210556565667307 1.5484772383768008
113 0.3849101776043906 5.91747572706435 8.322830417363738 4.825300610987896
114 7.132142381529266 2.541813658883881 5.834249388290288 3.923860947815921
115 6.859650841857072 8.46924199524707 6.963637254738586 5.0738795437476
116 0.6145050634412641 1.998708937976641 0.7142989050057946 8.954261377831106
117 1.4199558222558095 2.6979651476742292 5.7880931142178405 8.574678705503327
118 0.5730357795888952 1.384075688902212 0.524815841910673 4.604599666659203
119 1.3777772024593693 6.024428433743556 0.9633865550123588 5.313149316603453
120 0.7513640854241332 9.00776064365526 0.006104576608149115 6.183587014909443
121 3.6815521895545866 3.041373404767156 5.3644980574182135 2.479072649103231
122 2.867202511422243 0.0498317144999183 6.4750640523276894 6.561782027462123
123 6.039794581469628 9.882102054148772 0.8954539764340419 0.6053308689951375
124 6.442297587735865 3.3782136353494474 8.826433156936632 4.490843472233469
125 7.732795124764653 7.403163400608319 0.35220365524488817 8.139908958901282
126 3.1837722027746107 7.8249439193366275 3.75144359129463 7.31304461415816
127 0.4639950259099579 0.09519094288868102 4.8036890746435414 1.9901853300381278
128 7.51842022468537 6.085107905538328 6.400442245573533 6.850106081273971
129 2.102595426298369 0.13595193820310936 4.9676606564823755 4.078573388876671
130 7.381521057484024 6.902516026407391 5.216045437441502 9.760414091812269
131 8.668964347387195 8.49967128207373 7.557810906906672 6.448581278557269
132 1.8617293238667343 8.706189444950095 3.1633893404139624 6.15368479897493
133 2.4144029476410167 7.536690718302062 0.07878123109597568 9.960347217604896
134 4.803610252177889 0.3617119032900795 0.08403575252052264 2.752136292389178
135 6.346836546478315 1.93753010552979 0.0456075702941694 4.114714154231136
136 5.969375289010664 7.201512218023465 3.4000989492008014 9.387233855798307
137 8.053990096224886 7.4954081163694175 7.104169208057356 8.044909428913122
138 3.861387248318567 2.9981408519415242 6.895153441130527 0.12106726326497341
139 8.175610949573802 9.581289021057229 9.029197679320927 5.214887128565497
140 6.8069934673216235 1.0446016447643403 9.79848845539666 2.7814244468463
141 1.376302403350974 5.745515390299799 5.076414376045829 6.8633990485130045
142 1.4072495000572482 0.0058017599327786495 0.8992678431358148 3.1996262039761705
143 0.1705312386151281 9.360090761563265 2.6653557947022155 1.7328558943874695
144 9.951099641969074 2.7051821967009317 4.91716026347926 2.940178603415926
145 4.451367746002221 3.7156736680985105 5.869448239322103 2.1220403933258725
146 0.8965709304251279 8.510592148093767 0.8560015506684193 1.8113124518746315
147 2.0745273423017996 8.487347149457303 6.689899195523692 8.80173580923844
148 9.020548181157308 2.483467542315374 4.5670529965970665 8.94546729972398
149 8.349269361448894 2.9832240252054367 2.589961452291951 9.832331755040824
150 4.338690207286434 6.955379506864139 0.24841395387126153 8.738784057996764
151 4.7877204122853945 3.089951976082107 6.266138006481931 0.8224702750786861
152 1.3970505340939132 3.696011826341552 8.107157930567052 0.43867033611076245
153 9.964182282117088 1.3291807259683508 6.1328862855210495 6.667794761190999
154 3.0369629797216624 7.336633356728378 7.910747676050553 2.668498027652756
155 7.83598872368222 1.9390536552802196 8.497387264585196 7.308862962006865
156 5.234758916734252 3.2131245416207155 0.6542965663952816 6.678498520263235
157 1.377471328075205 5.394785766620496 4.9009391313119846 2.5472886605788956
158 2.117874275044916 5.292622279566124 3.0702375257084213 4.611915131462342
159 1.8785984487123075 9.282392344961398 0.6035409998202257 3.459172162360873
160 2.7589110894826128 2.3478471308697446 2.2069607569306093 1.5754785189866094
161 6.759850880655808 4.939627625488848 2.688226550616318 0.4448848391850091
162 3.8492160483443607 3.0431712270519187 9.802983381066065 2.8032647419828747
163 1.2548937155292939 1.7781990779794676 8.761710788476675 0.45426720069424165
164 4.853537642460361 3.0964936280420408 8.68321561116893 9.703000157006972
165 1.8126094919509195 3.701319675578918 9.727914041717838 8.42630536635587
166 4.747325190680002 0.1809829059004875 5.903882313211682 1.0738745388071402
167 1.5700530302927551 4.530656380777948 2.6109239362517633 0.48234786820356423
168 1.9382321608701192 4.730751241461729 9.872665250713773 8.284926535333959
169 0.747894040268523 1.8567444435179714 1.9039570091463576 8.91192341060311
170 1.4733851996884628 7.314520781265967 1.1706267279014804 5.70306128233478
171 7.3199045373965985 1.2269229875076737 0.42088658104741494 1.4902259130314688
172 6.13398359990372 5.7413464666666005 9.302479406736484 0.15976600060803592
173 5.808058870474105 5.084858573956076 3.126893858316256 0.1663254505077627
174 0.5187896499495892 7.562455560940201 0.10176219302030165 5.745583773804427
175 4.554806003812172 3.3757194458667286 9.924808660721805 6.661169853043836
176 9.718072135792625 6.13327069398953 1.017485700313383 2.721407679065858
177 4.324076268432759 5.23105931898881 5.873701886442007 5.014438335467826
178 6.679568729713602 0.8996722546237079 4.008810390625665 1.8356603112665237
179 3.5825872178661133 3.647477818412387 9.816290075243067 3.6193112484361234
180 4.868024991227941 5.072570302767357 8.27432037907672 7.836417967420573
181 8.313009238127313 7.573116054374553 4.891716640282965 1.7842157573652673
182 5.319877428378476 6.354841906088618 7.542452499709466 8.46754564960785
183 6.71055368486585 8.31605287164181 6.910271396006457 8.360613849779096
184 9.694638121108705 8.88469967755531 9.149645631312275 7.7379010353950575
185 1.6145472520047321 9.688662575715371 9.066611536967725 2.4758895720762975
186 3.4245479824207523 7.059554943495554 4.632774872322486 4.752673797621236
187 6.0265536312295085 3.8019960194402413 3.9680454715304245 8.910405248974941
188 5.564058021671365 4.404434240620539 4.062425654393973 1.895920732204911
189 9.566605049056632 6.92425159021186 6.454442590775492 3.157782171028809
190 4.44070263097208 3.1490162223702556 8.84357990878813 8.653360021103753
191 6.219107795579593 2.317391350344402 3.186332537234872 3.707472299722472
192 0.708926568726912 2.677348045568916 0.210268257583881 9.864486206671174
193 6.219982170953873 9.46597341564867 7.477753552008616 1.58868295754503
194 1.9084294377562783 7.514304368943149 3.140756544069958 9.693068832011708
195 7.436600889213337 1.61225515423145 0.35041681764477306 9.714716060660471
196 5.128588810499826 8.012853622425137 7.919826858296935 5.105098484247947
197 4.092086887019764 6.011635682861059 1.2857445126944023 7.0667849791616675
198 6.880523191043723 9.406191326032548 4.074714443112333 5.143240289574448
199 3.185535992548446 3.8224967877650853 4.651347228722408 5.256372147147856
200 1.7783628955050013 7.388804148671902 3.9112663736033126 4.786860310644928
201 1.4597220493502694 9.044505755316058 0.2785028615290741 7.505187154851391
202 4.131284154559846 0.8905270933604736 5.376880489543869 4.686683330546245
203 8.267852111061625 8.419443188278814 9.167198678555309 2.5817925428729294
204 9.047873104038114 5.207657126684328 6.476790846300055 0.563149336550619
205 2.1909317604941068 6.708616387348799 7.79529755663936 8.733955317117287
206 2.154383088503825 1.1551840743656538 5.970258387307559 8.557527709440219
207 1.75730258103993 4.260924726416372 7.008396723114748 5.1557892438207755
208 9.528443822611052 8.404202473286036 7.573233625115828 5.324852184764662
209 3.115914441628229 6.285633205443794 3.9669333634004635 1.0287491470118892
210 1.9497881448349363 3.6685666174491436 7.394049661584018 4.157741328772602
211 0.014897677906201556 5.7439244091860795 8.127106098625402 4.675541150209095
212 0.06955796310531004 6.904851370642383 6.828710620589429 0.930162454477309
213 3.936993584049344 4.273284385090125 4.732171092280671 7.866009563156914
214 9.599751923192994 1.1896809087751803 5.642338070664636 6.150207669405172
215 4.743408670403745 8.058789613865256 1.7906784366804274 2.814063982875056
216 8.12437662289366 4.438488486194093 2.4633353700233815 1.9109394589463846
217 4.677654752149191 8.06535453486733 9.01820720569589 1.9047093214785316
218 7.633864424399974 3.629769016423383 2.4168361621759162 5.0283686108980294
219 1.0809350342738278 6.545005533190821 9.719166091141883 2.6902407654215823
220 9.38432140154045 4.698886891078997 4.123996433053218 0.15563194340268538
221 5.67064354796134 4.2332388389542706 9.085218381809547 3.19466600609433
222 0.18316541953768084 3.765503882142631 0.7936940481608024 9.162425712832786
223 0.7335335588272573 5.148531300411577 4.886896190867858 5.065417416977232
224 1.7027198956211398 7.8586845594548205 2.633198384431182 5.568762387341256
225 5.085125803878205 8.409060661810635 9.034966490423685 4.6114174858577375
226 6.92332212056013 5.803748315444677 0.3043715166041139 5.3221088232970795
227 5.146910314985548 8.980700209812476 0.9881079730043207 4.266558463680664
228 0.3075131050623836 2.4349241623565243 1.6519646903907925 7.7069739028552995
229 8.992911568160212 1.7703523915136565 6.483467631745773 9.517659911065747
230 0.8068668625284248 1.7978755313458794 6.43057191478012 2.6760024032814367
231 3.717174963251005 5.978679636868314 7.5666522792546145 8.835966817697415
232 9.3030251235317 7.506155187512761 6.256802543098095 3.3916411446230557
233 8.97373953047586 9.126297957128122 2.397723077362819 6.651248622858948
234 4.58449829924103 0.9156524983557801 9.51323802793971 5.26743873120262
235 2.040657923146396 2.6674956499158697 5.809753587655622 1.9075651650773873
236 4.460795783428969 0.2810981616039854 3.430730919788285 5.298041431751511
237 2.2596264323268 3.6055378396735427 4.096512634963458 7.239759814645503
238 1.115446633800029 6.558685426160256 8.075612561040348 7.9669494193857595
239 5.202789286537101 9.023620152676088 0.005835995470926392 6.309740825098206
240 2.299476031962336 4.01887253958419 9.468370749000622 6.521090775342754
241 9.418276619480588 2.9455365021826707 6.415250213290583 9.34161778842646
242 2.4668978922244325 6.333428659597947 1.5603583806414212 0.901283363638159
243 1.106041486492504 7.4401180989347395 9.666408459335175 9.394751473391214
244 0.4537850697330681 1.3007852063281689 9.295098152487103 6.117640415940384
245 4.57555628126526 2.3835129094036223 6.034903151946448 4.413781771052097
246 2.8024841691504387 9.873755116284826 7.480743508854003 7.358984792921211
247 8.83693281596021 0.7933606653402137 7.312016370701219 2.5946955286462234
248 4.3325305184280305 7.653683092377248 2.7002596452078285 0.6253366275708305
249 3.177027831871553 9.148933317581744 3.9749722613121996 1.1059968352635008
250 0.05983425768323336 9.515089236462362 7.985887069548899 0.17253313275401694
251 7.072095000002722 4.611297900313321 6.922252090515246 0.7040428070524918
252 5.065690798055944 0.5248675941034464 2.4844493679188373 6.5580444589318105
253 2.2885492765401807 3.5575664088270207 1.2505357763314873 1.2816066158393535
254 1.4171874201151247 8.820103562656396 0.8400686455145923 1.5770489291796075
255 7.523402362904992 8.343295989969729 8.049831372159854 5.88872998933004
256 3.7405602352680614 8.608571766867573 9.520850364009188 8.87783041983894
257 8.435934315803204 1.7071003975379984 2.6933555105246265 3.264929087446654
258 7.549070075992615 3.9559769374899467 9.81610037601283 1.545557861172554
259 8.422163260705096 0.7315356392821326 0.5987287436251032 1.4218157594507408
260 6.926956530234213 6.523999918642231 9.730636845849247 0.4435117870284955
261 7.983674752401434 4.774323673504149 3.937044688692665 7.3151945846315005
262 0.6710339919220887 2.923214245144151 9.502759783075085 9.600820515585959
263 3.0423750457467538 4.283973729150574 5.266378926959133 0.14570165001944635
264 8.491491103614896 9.844929231570678 7.972439462306927 7.435765302253188
265 5.052727957592696 9.913867566076366 6.56629917194488 8.327045691420905
266 1.373458133782477 7.636030900216988 9.526287722382445 5.103722932748865
267 8.263041445666557 3.8488672808053668 4.649937812993208 2.660912857368091
268 2.7009013550538907 5.480874678060271 3.8458733439144743 5.7588001055482705
269 1.9773632128690277 7.758511750946222 6.430191404497487 0.7576010121924026
270 9.244412020676556 3.8542984331953 3.1859463178283374 1.0182308284404629
271 8.169550345159207 4.2908601000717175 0.016607834218581585 0.24144252813566025
272 3.614445503743706 2.4098158158001635 4.409128851179995 3.41859214695323
273 7.301073111064747 1.5210507349120783 0.1195255176215837 0.7800803651198585
274 2.2815816982079316 3.967052290127202 5.503641573629818 6.152905331572773
275 7.694117409444544 2.268630983908925 8.738025128111987 7.476658697770149
276 5.765360234581214 7.762487026325183 8.810623014386948 3.8776820883457686
277 6.311546962117317 2.6977256654629755 4.608256794490032 0.6639923667709458
278 0.09325989570567406 7.627562964081962 5.68760671517977 0.8789810571456436
279 1.295289216442882 7.114105500880916 7.388708267392307 9.639773955458324
280 1.1313809263961094 3.2582284404110773 9.834716805782234 5.386534534719738
281 9.114705681940372 8.373215728233243 5.058971249092314 0.38188582346660893
282 5.888395226495944 5.239969638833488 9.010148866343172 1.3250088241540425
283 1.67651088954767 5.813230675005886 5.508572357004553 9.782875972838141
284 7.394324089723137 6.992401201085611 7.361491464124519 1.2914612026102157
285 1.2478010701353437 5.127193975205224 5.792430460117979 1.442661725652865
286 2.2557079563070714 9.297474631133896 3.0994583926452037 7.048056983477387
287 3.543755623292223 7.088310114293414 5.029502015826026 0.5585229943131342
288 2.48873179060066 5.5753652016103725 8.740589161505037 6.319104970927683
289 1.8315750806991382 4.542444826945308 9.42117681693129 7.9514491980462
290 5.731864814721627 8.572104219512582 3.6454806868337677 7.181479774906955
291 7.402215580369926 9.5819035327768 0.3659891290533279 5.76789989312624
292 0.4395806680988079 1.6230166907300714 1.0791161497957058 3.8374877199277444
293 4.261484077616844 5.314544068437092 9.147202083363515 9.896043691919028
294 5.158718586622584 0.15602654637508429 4.519849130217725 0.05924429415532173
295 8.392057214745934 9.142289101418687 4.169833359613458 6.63553769891948
296 3.489049957641731 1.5988922271944583 0.44360831221875285 9.093619946659619
297 4.437983977520165 6.963102009063972 9.223678608770587 3.6599074940310174
298 8.82960913087229 4.354436800697119 7.30988347661179 1.316822551852943
299 5.163237966122319 0.2104854241402998 3.7489026618841894 7.810595032157578
300 5.512355449163929 9.007832203524515 2.9760580024507677 3.4276735725037133
301 1.5358784400799463 0.14456779508437823 8.580752068769073 4.761731732642421
302 5.424726645788107 7.430002603262259 5.26664717688295 5.468644824735764
303 3.789385294332158 6.308839322956219 3.1499598326939915 8.094702712014213
304 1.7226445372232524 7.941208185853858 2.92400582204567 4.463716080153151
305 6.312729286568908 8.566598525384158 2.6153983433536245 7.821563233370674
306 3.7355393420831073 7.198872053134813 6.667069828080324 5.962115714634192
307 1.7207391712496467 4.631174887360508 5.905548319573169 0.8963702711222099
308 9.664952586588026 1.9737126542350425 2.584691599229534 7.277008736754041
309 1.956330562204932 7.503987731582264 8.145341328646298 8.753491680036111
310 6.17828068039442 6.47824480789697 2.590131543398797 8.708192542734366
311 6.776156167571068 9.734504011481615 3.4449427251800446 9.41195519675153
312 6.499223966059514 3.411710472858508 9.163271349095607 1.537865252420032
313 2.471242889513615 3.9161591084484026 6.527034438992518 4.1849002842464245
314 1.0965013142998603 9.385504782039876 4.10710857242416 4.088526749664023
315 6.174175805018908 1.3323010267092628 4.169160953164138 1.5331948239092608
316 7.572394248756899 7.893154250852552 3.5450949252873167 9.63207601502173
317 3.604392657564243 3.1662215458249787 9.937703042688893 3.1022789951444327
318 8.852682833096392 5.488917071211853 3.88588352442106 2.439167928873902
319 0.6031510366142379 1.1893385240668919 8.190038069972159 9.481300209809332
320 1.2795352924982628 9.339060687937884 5.9820450337214846 0.7578908231994397
321 1.309731949259877 7.341586728651972 5.821452078173824 5.72359942975525
322 6.708914123904293 6.809885302527671 7.209315798821172 8.010828630669526
323 8.330439502256096 4.1180871230444795 2.7333649373348567 9.1676132563107
324 5.214062380713752 0.25655051263997586 3.6929414081479006 5.999567791697227
325 2.751962410431207 0.17614908157737696 4.499432666698989 4.597253386578041
326 7.496629980568001 2.676772614688503 7.4076766187541585 6.405714481747566
327 4.35065772027627 8.076675834130459 3.2060864745340947 4.280825962736854
328 8.60700513752442 2.393450150414055 5.3780059007142675 9.377482543059642
329 4.849320005996108 3.574028877717045 4.9440743524984665 2.927553377800404
330 7.075412331882659 7.430285299337113 0.7051453148601639 0.49091462834774613
331 9.572998289475239 8.368417559896905 4.927565138385631 0.10076188358251414
332 6.055339013237119 2.744457133339513 7.647389903146867 9.874800740429135
333 5.355423717922966 0.7348770959536288 3.7173782765896792 5.126795403652832
334 5.580854312663792 5.980418135072779 5.4803679769709 9.788354663688688
335 5.047609580098685 0.9428934016444979 0.5249043310253487 2.0387204616597145
336 7.539381140051541 9.90886604763406 8.363764620087567 9.440712694845478
337 1.480186620375834 0.8807428463384859 2.0732728488281316 4.59388389439742
338 7.461486060073005 2.214963276771116 0.9410791442116095 8.34131434936767
339 6.231037094190671 9.798603445705243 7.992337025411182 3.9043838641542883
340 9.729247056206518 5.799858818783729 1.8989748651394345 1.9702314626574946
341 1.0497880654427327 0.5845046301952561 6.224032290744933 3.7195208316075923
342 5.304763799821648 5.25958024151719 0.21278720407613805 6.057504691800472
343 2.290728208957029 3.4871769513514117 4.414674318628503 0.899286098075307
344 3.580371502315234 7.705356130539092 1.3047528778480666 8.260551825343892
345 1.2057095871502765 6.699861635128983 5.770757527626488 1.117955397954351
346 2.4521212536769585 8.58943019490158 2.8415189556209652 8.528709812625124
347 5.44859844049383 5.719147081211304 0.35481801081831077 2.33684492663813
348 3.2180903841629527 5.700433181527314 2.3974976005424864 1.9439729084580237
349 9.642833853212405 5.892889907818201 5.297920398411811 1.0852972102371072
350 9.403082995741661 6.992371035906519 1.7106295207600775 0.32699026030831746
351 5.363661984595732 5.071287119453784 9.905335645106266 9.088955767017199
352 1.1112859136239661 0.4112952346259169 4.757114274134972 1.3973836201327006
353 3.3866040568099876 5.775159306770635 4.131968426692669 0.2843921670835814
354 9.008440875094095 6.38371544105048 9.371674846945876 6.777449774611217
355 3.553722734848108 8.795508997305454 1.4040976360035884 0.7591491340904921
356 4.5350947041803895 6.130818249010437 4.639917109594668 2.6283090464999237
357 0.10924829325547059 2.63841458780378 9.263993952612637 6.656259644720121
358 5.452492983248257 1.472552985378287 8.789344491556125 9.207562747199864
359 2.8561285347177923 5.729325243487578 3.8139759647391314 7.582308575437608
360 8.322676809386023 4.285650348045075 4.805595109600751 8.137521305798392
361 6.985063929653572 0.7908168224542844 6.4364653159850835 5.558093648515595
362 2.0243452409395344 6.279631795442602 3.500458487783036 8.673066774242718
363 6.927589036171446 3.3078724969275597 3.7666079432955426 2.0509542384920785
364 8.906048908024944 2.254876730719524 6.258239475753259 6.758211210384321
365 2.084766959447025 8.494749843181872 4.394019569089461 8.127825610618917
366 2.678273741591004 2.5068057692470704 2.187027174437431 3.1604144150366675
367 4.783054259095126 3.677498295378573 8.270220055260495 5.268085289819565
368 4.645979028261614 2.5402464620100496 6.901434762009933 9.471723046325533
369 3.308902095016415 5.506187319525294 7.298319326849083 6.875249653254038
370 2.3831525453260562 0.7580416262040479 2.6633716799879603 3.265791830759528
371 5.373656310206664 3.91091002236019 8.081515226254265 3.026587817538695
372 7.450944375404433 7.287962408763535 2.1074102725761987 6.199852992119479
373 9.8603157590025 7.215622774890252 0.30696995459431164 3.4997111372362957
374 1.260942080649966 9.611990778995938 0.2773088606315055 1.3506943940768268
375 7.203714932013087 5.3238854908794275 6.741622257334958 6.615203672030341
376 0.6851509966840263 3.1620324584593362 2.200256696137284 8.573707525750693
377 1.2556917508335952 0.39056232045191264 3.3165022343117445 3.934356037018506
378 7.514239867433947 7.546121929520773 5.725397786668318 9.174070519979578
379 7.986802933005368 6.893548069658592 0.2761088369916809 3.351062256592121
380 8.365616698656604 1.5691852245986049 1.8532032825667066 3.6791268119766665
381 8.87614981197542 5.5195803296894095 7.869414325397521 5.6169458361325795
382 4.142895125823606 2.712417592671742 7.282248000699337 9.001023510557634
383 9.340876789002749 7.778202403062243 2.559055822045695 1.8387748955090932
384 0.6483156526104339 9.235345991890133 6.399958616849174 3.778669419057672
385 5.056905972316356 0.7579367869536346 2.225278756861797 1.9872308649750947
386 4.449683769298925 5.564631195189352 2.4438926023836913 3.188078491760172
387 1.5224681688156827 3.9387336304496925 1.341193905046627 6.956090959976767
388 0.6033859545741549 4.133677297075283 0.060112978561109864 7.010159035482784
389 4.715995646263542 2.4747569806205796 9.595909757118623 9.210889606023237
390 1.3350486247631654 9.337108996417196 3.985220273797756 7.24501079135884
391 3.199937501814464 3.8615683913194965 9.942103934762445 9.566118210568046
392 7.279400214432728 1.7641798985610524 1.0786037025191697 4.061795049337223
393 4.522059553055666 7.40177495644053 4.544595615226983 0.13002912360370544
394 5.3809000367832835 3.3751730311651995 5.431474217516971 1.3732370247122372
395 1.2657923441184138 8.383199180867887 9.606479772176096 5.9561034074363555
396 0.05669701348265166 6.7848582326806035 8.779243466090884 5.823825127665917
397 4.601191045682098 1.3836384214031439 2.549390932682416 0.4402472887668485
398 6.72347931467348 4.317066788313908 0.9438092902411421 5.480768813825948
399 5.688065551516584 9.616270938374022 7.524451223297247 2.0027774350859353
400 9.289777179234148 4.994447152831612 7.532310236568776 7.0167786782461405
401 7.782848052158046 9.72977621570548 7.7304730125901155 2.094259406969231
402 5.71528524593929 0.1274636996655898 4.618914559026386 2.673728618167476
403 4.40075780397415 3.977228750825006 5.515972785736124 7.064261290924771
404 8.238760630629411 0.6667012180911192 2.6362004432298383 0.7962660366466701
405 1.3848255313363966 4.16782857634041 3.74156097060923 8.932084852722092
406 7.37606404861123 1.982537768489936 4.202697182304419 6.224428943834779
407 3.2333418740212947 4.3155313656464065 4.37927247209246 2.5985359923382245
408 1.2899058053336365 4.23624720185915 3.113143660446873 9.334336747556677
409 6.5372906039246095 1.3986404158228505 2.8253954069999807 9.537798852106288
410 4.632857770579038 9.006596710293353 4.218029329322692 5.016012770410035
411 5.879329309576829 6.1444231364635264 8.903365106002054 0.5084739435917673
412 3.46519353174401 5.335998106897564 6.418980962520023 5.377403422389516
413 0.0458814762937676 8.252814859338937 8.033283035616135 2.3228444212647403
414 5.3491216412451035 0.8602785743873509 3.5065562753602473 2.4636575051786256
415 8.90390035077042 2.9732713309333434 8.544625247963575 6.213432731138288
416 6.220971247897321 6.186130996444115 0.06700553461821968 9.780725138191105
417 3.793868145423016 8.448833373311714 3.6087014269654727 7.835908707703309
418 8.142897038957859 3.180308791517974 2.1845688764689486 3.9123413471262403
419 6.790594771083434 5.74146544788589 8.76742638196234 1.4474135079983486
420 4.535660025967797 0.3346255866636849 5.165864571255047 0.019455816776724477
421 6.683374661461961 5.952733321169163 8.534969155250442 3.2993606796620667
422 1.994052814717917 0.8708223414220417 3.0129376670252563 7.511171241150243
423 2.02706788963933 1.3538777242111621 8.048839135827876 1.7837777832314983
424 0.2865261159886856 1.7493669531979494 6.87152566604869 4.676253486276943
425 4.115665853637487 9.939352855586773 8.24697501639552 4.372250834109204
426 4.640584913873196 4.246245601386377 2.18110880360997 3.5642747321652877
427 5.229905868684968 5.31788758820642 5.547394421283961 3.8865316317011676
428 6.915511569873769 9.26180989312188 6.75330359494663 8.905453181807449
429 0.010494719708851186 6.355134579036984 9.506972501043165 9.139875531060804
430 4.763981224842919 3.0257433147338544 4.50516401588432 7.3582526643651285
431 0.30850603320983105 3.4819681967387064 4.4359072468601735 7.48816786189577
432 0.3841308747787453 1.3622062089058062 2.0739517397460294 5.873801473606042
433 6.364512937662693 1.0824943056389824 3.4444358717338632 9.329901856407133
434 2.9636465139699544 3.1792264324053185 8.039940764666287 0.4661966744483459
435 9.66801826389551 7.875834981716779 5.898364854449466 7.09407396491566
436 1.4174275608322162 6.346393796795899 6.9838140540904945 9.177753740223904
437 5.348745170200184 9.705749932419867 1.7599774717412364 3.7550551739138163
438 6.520393481471709 1.6249231373173745 3.105218493165831 5.52826603988416
439 4.451350369121823 1.6521571744479524 8.7908759757621 8.413501448783386
440 4.036994583032353 2.8141489552234544 0.6290404776696179 1.2373342612768923
441 8.945123362220219 8.878615709899405 1.0933300653583433 8.98237018596181
442 2.9489907742755026 3.778511486874103 0.7259627012345715 9.50883051323505
443 4.820233189198677 8.12983238238562 9.966683071321086 4.5170967815946375
444 5.383056763675742 5.519100795655826 7.1738657241155135 2.666558608216275
445 1.1220855761528192 4.293256175051329 0.55538951576936 2.2290036403809577
446 7.339780249196349 8.953816281335934 5.486636453878879 0.43017280954268267
447 5.275352063840387 8.938821610564302 0.26523673243526336 6.720995955166691
448 1.8256155188357936 1.5702088734761344 2.7369480898350873 7.6204182586130695
449 7.549236459416317 0.25090414248369663 7.424320855244707 1.4846106950339288
450 8.489350596952765 8.615066209237943 7.799569712787409 2.5827549936080807
451 0.015537286807640882 6.266549868622758 1.1653336617603516 5.197481402585606
452 6.364656837466216 1.9848020272349842 4.241773424678624 0.11842810450824248
453 7.8510709086202315 5.834041636251255 6.005726928095758 7.860280991342831
454 8.820277385304374 2.4807155166885186 0.5873955060756109 5.212047202544115
455 3.3360185396061413 4.205866030421731 7.102315326721507 4.312201493169619
456 2.319421246530836 3.593180437930937 5.181120464648613 6.344736482299746
457 5.399758173799026 2.6801410055849795 4.656879233860089 5.164041067775199
458 3.089923933375874 7.478827145810358 5.379544815114353 9.681918778106121
459 0.06574293171288326 4.204567981226556 8.449331383616745 7.6879511892384045
460 8.306735985677202 6.294780684802341 3.295587601154609 7.9247970536141406
461 9.646992139623817 9.356971812474232 5.975011045223075 1.7029161842494134
462 0.8883050288241379 4.554018012876036 2.822806809459389 0.11459203231806159
463 1.0437532945687922 9.61648850760049 0.16266362557026515 7.995017813495949
464 9.508410360029421 0.6659028290550217 5.1661848866102265 1.1786042507963235
465 5.994900407517216 7.339467009096408 5.14967421628617 9.311556698360189
466 7.925014009389061 8.325967841748472 2.6059492889810674 2.507157677818749
467 8.634630082098989 4.354143941665521 1.0911129130272956 6.46808633909154
468 0.22769300450156016 0.9189990039852103 2.720984794367162 7.35049042437224
469 8.206017766606779 3.588154887099223 1.4791566264437916 4.607425044616375
470 1.1052101540901438 4.5994899880043585 7.798404325083279 7.324654232608121
471 7.2829968032549 0.6429462302829014 8.949449608331077 7.1497093432595396
472 2.734791879195452 8.213526566235739 6.655839407084242 8.815485512048419
473 8.352322637906733 4.729149273649197 8.050964059664928 7.4725472654987986
474 2.394670630899729 0.7261643282463681 8.603013215052963 0.5697089405019773
475 4.107085782828524 0.8769765665082785 5.9559255027252425 0.8603390168346792
476 7.401457368411945 9.318362306412627 1.7691574025147894 6.262239154742541
477 9.303334033036393 7.8357074364837285 4.586362868395 1.761824698495631
478 6.473905138247746 3.817533630214446 0.522836933522075 8.328740579824188
479 4.531368050334983 8.576321551896868 0.13384820435706546 3.894921006125507
480 9.124626769642068 5.625778985660769 9.210744636508378 1.8525068242669618
481 4.753272827271372 2.8113454906713162 8.448986476815977 3.237911109027439
482 7.181330036608316 1.8098610940161985 1.9420267911298017 9.79472691705122
483 7.95824534530658 3.4459724111993473 7.277219104868663 6.446050757698202
484 5.039131439136785 7.516985911832249 0.6447061625586437 3.357195417811024
485 1.7872848882359738 1.3745201732708556 8.817503711808019 9.732649234291696
486 7.745509942289447 2.3804518211912082 6.1207586531462645 3.7665325585780085
487 8.478804015480959 5.536286737907793 8.580432018849717 5.753693483657866
488 8.519467860654082 9.079229755451173 9.32641304065838 4.268974801227276
489 0.9867267307890415 7.644870354873266 9.022349185130059 8.535072176950544
490 9.806456278107174 4.715535901929289 2.604230047505487 3.6248001063316524
491 5.622632521516903 3.5050113550413773 8.932036444959449 8.981465884782141
492 4.470629582645298 8.174460150329208 3.0935289435729496 4.89144867010487
493 9.073513474585841 5.331023130902843 2.046518185510906 6.005965699854139
494 6.22599283922797 9.129713790994922 3.045718746637295 5.784403499645795
495 0.14670068559260563 1.9808700909679078 0.87256120188688 0.8194797060129599
496 0.9080017375142746 6.859556428047315 4.271100956374552 9.404890614588814
497 9.093529625856599 6.519960841893856 4.190421088761883 4.418994476537561
498 2.6871808490930036 9.536965835003047 6.443704089696856 6.623465108017642
499 9.863301056415468 3.0287119254070607 9.21640328202679 0.8137489869515568
500 1.826319409547995 7.158116454879144 1.4907125575805757 3.9085409921025094
501 3.139102459884313 7.067951779457169 1.900802277800001 1.0283892427533048
502 3.0828093913829124 3.773221555203622 8.793052311790566 2.888932923963136
503 0.5070538062537122 6.716222113318501 1.337775589877851 5.422159293723244
504 6.35768754183875 7.1838098808361135 8.423698260355415 0.4394663216071426
505 2.610537035606323 3.5930422682569607 6.763721858948121 4.363198201800586
506 3.6929444379947785 6.770493826675606 2.150261633367326 0.5787229968708552
507 6.640973744379525 5.782197106238781 8.120720494202901 9.796999453752553
508 9.218662605715238 2.6152921500496387 4.428422670490554 1.9679826150082003
509 1.0167147049848146 7.069112433677482 3.6615980138437387 2.7480993308901933
510 1.151544892187345 1.5825741541342164 8.112772101664232 7.300422413988919
511 7.601599521429506 9.406379918305706 0.5731836060159035 4.294055271908129
512 7.446398789397419 8.522681135135683 2.111619416308762 3.369639441959497
513 4.314754148570773 8.02149334549988 7.094313935764113 0.05077604723651152
514 9.202136780703592 3.262292248101147 0.7123371294686109 3.106555287236442
515 3.48318495017664 1.0808600347895558 7.105152476261367 0.7082673886857305
516 8.42385475706742 6.545597066093888 6.803795240404623 3.3737677828027257
517 3.7887336706626695 8.324147847269078 0.6643854015599981 3.6558551162895836
518 9.242553566991882 0.590334760537129 3.7224575507602795 4.806411820345383
519 6.160954603382157 5.583033765311763 6.470854327227568 3.2359490335984065
520 4.194063884082895 2.422764785165794 2.948694112320789 2.4885898069973997
521 6.467477659786346 4.598412314635889 4.726192033936066 9.665407621671122
522 9.658737295613484 0.6556305560116171 7.379878118728226 8.75443889171084
523 0.35341959090794406 0.050129437593661175 1.3750197467335068 9.163569261709302
524 7.063466999757399 8.873178253146339 2.4068260560257206 1.9028908005586043
525 8.081404308769626 8.213302844447242 7.199271583525717 0.3260109851576709
526 8.94760094036548 1.2872951423348244 9.520146669679118 7.1151940155949545
527 9.723757613908855 4.155292588857888 7.743206906165794 4.28309608537162
528 1.4943068181438846 8.82882708363124 9.673057339431676 8.364254509101242
529 3.558436159033614 6.887382223800024 2.545674325033888 8.682375687495437
530 7.628956351961613 6.338139848587532 6.127235431297006 2.604861564097317
531 3.020254539390078 4.385235699736598 4.6561886120454155 8.033903748006722
532 7.286086068478089 4.018986520810552 9.008262398481936 0.0338604808804821
533 0.05897354360645868 2.892190137750142 3.9113828573600506 5.457531996180997
534 3.946502068324028 8.819741950752594 6.297225741852918 6.709331324397711
535 5.255809208763116 7.419449117925236 9.948401967606987 3.3712419792519532
536 9.046087164613445 3.9060694451980984 8.485040550545358 8.317843484334206
537 7.549930109295734 2.8572365411709955 3.4317927628472544 3.159581692096892
538 8.357875085305214 6.889078650674553 6.616054019695978 6.378839018742134
539 8.92649976676682 7.610975779285076 6.470461612965965 6.361267007960789
540 6.94895482905781 9.973041077849025 5.9474929522640405 0.6752167137609855
541 1.9178309395600757 4.176555736069762 5.701255243244301 2.4150099521247217
542 1.8137644271717934 7.686722151632555 9.951320845671187 4.1991707988288685
543 0.2692130753754396 3.5687462246216315 4.01573244605448 0.5026370897701415
544 3.785341299083017 0.3623955635016085 1.8850628565922 9.402355430372326
545 5.620973352585872 3.0168251031692197 9.406684042061023 5.528561485555045
546 2.826087038390792 4.026598736252984 3.6581632329696845 7.039428808868175
547 5.558337287199436 8.84147935106279 1.9109687533657638 0.7746683024038503
548 3.299613295343349 9.866696146276869 4.2204386474855715 1.3940458815965806
549 0.8806494059935366 8.927044538947367 2.125223598578639 2.26967861461414
550 8.325227114305477 8.937308792023794 2.1991877747315036 8.176359828972373
551 2.441515864745588 1.7031419689967098 7.271013119490416 2.412053812462055
552 4.816622615648095 0.2706763302327597 0.011519875758776443 3.8810934636642127
553 0.41143286488819264 1.0497795038613156 3.285979998137104 2.885501224601783
554 3.306337306078836 3.055010690136938 9.178467873150465 7.895246477335638
555 1.314463865100216 9.039974391632652 3.9175583191941907 9.406146092155762
556 9.157538789266283 6.04490567555744 9.067443688407446 1.1444966094795705
557 0.6905257903773576 0.9339659681218615 0.29581404814718826 3.3404298502387633
558 4.264702321445355 9.867866058967339 3.7896027404012376 7.5673613437325855
559 1.7348485016922766 9.339075426168026 6.961972415554705 7.7328005213647355
560 0.8447429721996869 0.39101568554746113 4.47867634526086 7.206180366808858
561 2.7661703364910997 6.94927867062911 2.829197895437626 7.7822521217415535
562 1.420164846765266 3.812049059891569 6.677838543917592 2.2039818936672417
563 8.87523003432865 9.778552503508704 8.052186244593205 8.306782833710244
564 1.595787032231858 6.638489882190202 5.061165427122579 9.496294807684926
565 5.605121210650492 5.302060232377502 0.2821333222921574 3.234828770828022
566 4.730614907968366 6.219315865650166 0.21625311163215422 6.48697039000335
567 5.015066787297696 2.4192324016884434 6.283642466837542 4.662737947951127
568 0.10641223581771775 9.99301590968216 4.714555492113851 8.49707432022117
569 6.979181703410797 2.6528146261031615 7.390132242717119 1.5173465727289903
570 8.694541403788719 4.116138886107724 8.196002483544136 9.275913989198619
571 1.0717813898146489 4.49793517069061 9.774308197473081 0.362721600313467
572 3.1226325287027104 4.636399889400552 3.6944654665862986 8.363260092514523
573 6.890801871869062 5.335262543481948 3.0102602185034497 3.3901292090030974
574 0.9426445446915022 6.874402537661139 9.930628788074378 1.5918291099622572
575 3.1708914425585135 7.822310886143207 2.9037493524364457 1.1302950012712598
576 2.8018793555334707 1.178043696880432 6.798829782260608 3.5190849690736457
577 8.53773895124195 0.17695828734918484 7.0672435166237495 9.927014321299453
578 9.618513593334592 5.71366077981337 3.7744336900386766 3.077426870586107
579 9.255199469399853 2.2672382633116905 4.216268871120414 6.711181101167833
580 5.363209136047111 9.45798419222189 3.4683005028764358 6.231820903289792
581 1.8167803671428118 1.921470200597838 0.6636359081682808 6.114290274062939
582 4.548364914675863 1.0549588776043795 5.054910928234241 1.9339423516642407
583 0.7330492323710303 8.37278669601153 9.988104866882306 7.460484029299877
584 6.0265733233333005 1.7014955215144023 4.800712452010254 0.16188848440964576
585 4.366529721087055 2.2521242592260937 4.354050945766987 1.6761974690595693
586 7.19984294342941 2.7262161861495384 3.419244424644429 3.334525374520992
587 4.165641629850555 4.043739112737287 8.458694144279656 0.6564711849234794
588 5.241150820651726 1.0252539677376837 2.4796120126134324 4.889529954620481
589 5.149254929661914 5.417307774796316 9.583454578596909 4.1269908589606175
590 4.429885037446186 8.019171968942297 4.594865036221785 1.3141936149113143
591 7.9934138287460454 0.3506794498043153 9.725996091144177 1.5409165645718326
592 1.202743278345595 0.29506363750553044 4.616846692544082 6.41804355557926
593 5.5717984428548455 5.457338049182744 8.289521308724645 9.049565671642291
594 1.0216464172229367 2.59789387739207 1.5640748154403084 9.136350361673445
595 9.301482003204812 1.4326407926953855 6.305880149243707 4.086008827457521
596 3.66023230227566 6.335148124553229 3.5092182128075198 8.653580918019214
597 3.145550957150843 0.03289203280023911 5.669053367243231 2.600645674648697
598 6.0104900344168275 9.2588485700567 0.15272916836796768 3.1358607363519777
599 5.6241455191837115 3.5013173893618657 9.355575894956614 6.487819107070352
600 4.011099542350297 4.489000773893784 0.3091975538833902 0.8615068238816259
601 2.685487058776752 5.854999594017273 1.1084606005234499 1.2425330112425959
602 7.799036973523201 9.542534993110142 4.032984435345867 5.038694792947411
603 6.78845293740729 7.946838523822714 5.561184910394815 6.386333709871369
604 6.686009437634177 8.531800326671256 1.6097033757497947 6.09932216053673
605 0.04826227555194018 0.7165983880964011 2.2783047173640525 3.7014213216775227
606 3.061281037500976 3.1966805455627947 4.140106498431521 7.758130568752245
607 1.7968325914290295 3.5451043245670832 9.68925526453929 0.8120481993101647
608 6.822453947483284 0.9343871028338879 2.9429417999476417 5.626148502471748
609 3.4093750391182134 7.12565099621448 7.391904544279633 0.1522722241970509
610 4.435764462607626 0.49099856461253144 7.503342427262995 9.667519395953564
611 5.748784090011227 2.766685370405688 7.802418976917083 5.859123833740948
612 9.227460088270176 8.478803223399819 4.193309565341985 4.288774841986753
613 7.079389608741245 2.539826048196158 0.6280051946525866 3.630251504976716
614 2.0078167741004993 2.383510483887722 0.49085464180325 2.3496159326937605
615 1.8016321594337936 7.1872837840909405 6.139091644255968 1.0851067307664286
616 3.6293604992168604 8.225394413623869 1.9243591419700445 1.884268182531852
617 2.8592212232822334 1.2027405722458162 5.717508693057562 8.668731499013715
618 3.5808562612638584 3.538427821704847 1.4687178154821545 6.822467772688727
619 3.170344092330698 6.999757229316193 0.657234900668997 3.637210577573362
620 1.2186248766669439 8.831474653664038 3.619826473528157 5.49914583401736
621 3.9344838538688167 2.5817643912418466 2.6942673213570876 2.163852583912825
622 8.73675325219774 3.1955985441948687 7.873977252137408 3.2418703703506315
623 0.16640953645533196 9.627705289553411 2.2421807427934692 7.1051593854868775
624 7.47775622560477 2.2215531552071086 8.838722019049909 7.82511022966079
625 6.30890256892199 1.4073891732964428 2.809939463050979 1.4656495235155809
626 1.6852573490370448 8.89151504658354 2.7017708974227927 9.080382140514626
627 7.2757812077645045 2.4406187502699495 2.578519433517865 0.10059542964420909
628 6.300247383567362 0.609123440535918 2.284482486072239 6.45134574283005
629 2.7767846255803788 4.314157293703547 6.612909063466601 4.6957391595998565
630 7.902485270839557 8.031885913294023 5.406513569073415 0.7829041286120608
631 5.275880476628764 4.570590666937319 5.6860477805470735 9.563047828933657
632 0.3986016167452855 3.8700166847066853 3.7881872040972517 9.133379366527972
633 4.43455666359664 8.08315550016393 0.19126490599388757 8.291571016271753
634 9.558471911846128 2.3157676570757113 2.2171433315221476 3.8988197064360195
635 3.391663431326509 2.830589740372602 0.11978293070653345 3.7924645229136056
636 3.0014151276040812 2.267314775982221 0.20583504053036772 0.03850294583820135
637 4.731362115747322 4.486069730502919 4.579845739335403 6.777240295509167
638 4.733785881711706 0.011262025094718187 0.8664303873962742 6.690699732423049
639 6.490750473559927 6.734298309092503 6.834036539084671 0.20830682614772944
640 5.839521399520407 9.52782823542163 4.229685509879354 1.9677571868498633
641 1.0587214424594082 6.730802647502725 3.331345071789534 9.760862742316384
642 5.425203194713709 1.0827735820737705 4.734349007435021 2.2195672904923605
643 2.3176192224753347 7.617509221732941 7.710550877635574 2.8352051443460757
644 8.421199688112937 1.2701354938536402 5.113661170487761 9.5544799007526
645 8.879256755275438 2.5086536673318847 3.2514800284093957 1.15851428521614
646 9.340448421163513 0.16983002917315582 1.4055112322292418 3.906727148343163
647 3.766856778380224 6.861089710667092 9.7507009810612 4.515179652108126
648 3.5964446045299203 3.784185388878684 6.312813171447943 8.439416024410379
649 3.394475837268247 8.643062152124156 3.2982225574038804 5.64472911908565
650 0.48199443483008864 2.417466972246214 0.6406643574400095 9.572157178495274
651 1.1954787222317875 8.215502506561245 9.931754112793866 8.846420791367228
652 4.410298355315366 8.162460870242995 5.036848832106554 5.4223890448850485
653 3.7516209993291194 2.3399125001080945 6.645092315228619 7.329564798504265
654 3.5199264933229104 7.15817199856879 6.762248402700058 8.949460624485937
655 9.774307027787296 9.226894997210373 5.727196162327934 6.848633986378938
656 7.245246309406075 4.782706521287911 8.717722073726392 4.590536435612854
657 4.789580164626177 4.0394010587815465 0.9085130930119967 5.662226816526379
658 6.953868937800548 4.445394246024533 0.4540193011450733 9.677383459053775
659 6.878413368421468 6.764746074346368 6.291118640907245 3.3549464145849326
660 6.252673582579559 3.1422184808640816 3.391286479787188 4.423107092577134
661 1.323859063645897 6.869467617845864 1.5392316667291228 3.5612566176872953
662 0.06397369244111828 9.438614323845428 4.974732221639432 6.7678927364905554
663 4.5166219326521215 1.65107864054019 9.306668138213391 8.13037680192792
664 4.0733867371721635 2.0436959461467086 8.993010463384653 0.8728212920178613
665 9.970617445544196 7.700786639022455 3.377797059467019 2.771282076666565
666 8.650971681261645 9.639978831738514 1.7858877804111883 0.5508172057594762
667 1.800077634332834 7.391233231343768 8.498558165549072 6.71686578392599
668 3.8471945620970938 5.13265582097374 6.567754616233663 1.42379249912576
669 3.5097674431619383 4.803323661675507 5.374106250751284 1.4463308151378473
670 4.565286044699271 9.982494187486534 0.5935425577066167 8.09505130196705
671 2.449874725623551 8.006204466305176 6.8096446521152 6.004871228348955
672 7.511553670109457 6.786409839154785 2.393613250932256 5.126012741354541
673 2.7871337191758183 7.10445248839833 3.471008509824615 8.959705239218177
674 4.025209316622684 0.7697872881089585 8.804178778563726 3.1063211005782767
675 2.343748718465619 9.966539956328068 0.24156263569017788 9.531524719700549
676 5.389276751649876 3.3546042372565132 4.019815889655575 3.606399683706111
677 1.155676510971737 0.04863471518524287 6.651974536859098 2.940420713126979
678 9.724141358024085 3.467424436415676 5.394639490698213 9.30151394800864
679 2.101831689067035 3.22780174188118 7.359426308379713 7.505350770128427
680 2.065301622621587 4.751321604335576 3.2186935421571072 8.056406821599055
681 6.455778095781282 3.0586639158689968 1.1528272083525792 3.536206347514156
682 1.7268906550949337 9.345795611004906 4.1961254397057886 2.2595675217620013
683 9.711467761648251 6.367590336563676 9.460590554792018 6.557548533244571
684 3.5525241208390277 1.3987454301596136 0.8517056752578867 7.196195375710092
685 5.534590068378131 3.598469190911495 7.837535193307855 9.90306758289343
686 2.155039503226096 5.974559534851195 1.5922534180634318 4.74892495113111
687 8.191093763337541 0.824131003497367 6.407476590341618 4.219836095361855
688 0.746692988502784 1.522387277410595 8.64953197164302 1.2153694534104353
689 6.304444486072399 2.83748381749489 7.738068620630779 3.9214115367563562
690 8.661368085043398 6.568653193267975 3.6311780995863483 0.5315508575601013
691 3.2931800583269166 9.236422488063143 3.1244584959320933 3.128856971617794
692 4.170367858287976 3.7978768013879014 2.906223439041662 6.690273657233162
693 2.3403267203345743 7.9165753501285465 0.7583180643460152 6.1387357849193265
694 1.6933448185533773 7.185861256390518 7.551775943730315 1.6435095812677325
695 6.246236255154401 2.885949175557169 1.7588132567209702 9.957149626549299
696 5.005938629412563 0.349312456542763 5.087418755749146 7.477852320807754
697 5.016411132636124 5.815537991335743 2.542074685962051 8.938877671377071
698 0.5456770894405594 6.775950249056683 2.7238925853497187 4.152106264683553
699 6.535876348188783 3.2399540660635875 4.505732293310011 4.070679646589436
700 7.41770854336552 5.099177434698219 4.352622052695142 6.586072234906963
701 8.181659798024187 3.822147753960766 4.50507458872352 1.9378285425052466
702 3.201924826207858 5.081364115324176 6.0026506551732535 7.389590867202856
703 9.724949626310375 2.596275770293408 2.097397540098931 0.9129327018410394
704 7.163038798626551 2.4698158430656103 6.991543100633317 4.020907746018877
705 0.37448241378520764 1.6027807876253997 2.031104030989559 4.606108658781172
706 4.9651774397007395 3.3894822952114287 6.496822277828215 1.663423546638474
707 5.31273205887558 8.829747216709587 2.956117227925165 5.115572245934859
708 1.4925561199876258 1.4364730708653228 7.774499827946731 5.609887705903579
709 9.576459106831052 9.874592559654849 5.832168702487865 1.117704646667832
710 0.8777918173351673 3.136440835202714 4.751263341686952 9.443104164084225
711 9.633180617656809 9.240157634560225 8.011526511890285 8.335659048245876
712 5.339423058958925 9.93189669376726 8.216884286655995 7.802205538733094
713 5.5051277044295155 0.6792610942227506 1.4727235616715617 2.425570906271494
714 6.930194277755758 7.362516010976883 1.3434085719600009 5.0235630064636005
715 8.792249864205537 8.50177565215152 6.181849144576988 6.81943173890385
716 8.797670503718573 4.602502311993645 6.757690054973491 3.4453914572391273
717 4.445830178367018 4.25829255608172 2.0579673319982197 0.56369192003487
718 5.058743580197715 0.019068748726169815 9.89383284595975 7.6651138443507705
719 6.644272218248818 5.714435969052063 5.519222504336603 3.692652166394242
720 0.889591877065482 0.9160996282183198 5.852102641025536 3.538547200397646
721 1.622624148502153 7.529887763269134 9.086197857334902 0.17570866621550052
722 6.932657894278984 8.127054985965673 9.490870778413376 3.2099713367206615
723 2.8073990013927617 5.556188633652983 5.019084861060055 0.9775119169650304
724 4.622202226124999 8.621182267035481 0.9781523662018732 9.962144261225767
725 6.108255943937189 9.16737372660748 6.46523107320408 2.270105039330008
726 1.5300031225193933 1.7870944467471295 1.5293021019114628 9.175328088762353
727 5.718104714824665 8.537510255531732 2.09362450690326 6.336100666391634
728 8.332756466860271 7.557779920387492 6.557429653626673 4.184382847976142
729 3.2731957433482037 6.2791950750986345 2.6928811351788084 5.201960163522921
730 1.5027447362551916 7.041105356363358 5.963097403568483 8.32299695069121
731 5.724755519589185 5.35707782317171 0.7092927636236823 9.540439120814794
732 8.323333265394462 8.81987334049243 3.789862796256852 6.944113888408824
733 9.773736508107358 7.690470210089507 6.2015047591652 7.8812598188316905
734 3.3308606662573492 6.585499656619565 1.9722278686796024 5.705614608752068
735 3.220236331503179 0.35910520154358694 5.188377960801649 3.669072895866914
736 7.78447956425481 6.269370317626231 5.402558726148356 3.910325343739288
737 6.079154249505714 8.82610838841289 8.866606420810959 0.20777301531822334
738 6.265518302791696 3.335941478386306 8.043536572682244 4.189406542919248
739 6.813644502830385 9.092242384054078 4.674643290672844 6.0302286006855645
740 7.007917765195297 3.401646293543903 2.3127047732336328 2.3181884364201055
741 1.5379308966753191 3.1954900441835354 2.679507617789586 5.732489319224337
742 5.061312997417662 1.8436677538470336 6.465672289997862 3.453516853066303
743 6.541043310687659 4.970035934240293 3.2630260808803877 3.8115338404476704
744 9.888316388161796 0.5626452146972705 7.2045358094528735 3.5816678895755585
745 6.98304028675118 5.478709827708813 4.584077438245479 1.5456195388543825
746 1.4975691841127325 2.563371489980862 7.2380866393178085 7.465899004797758
747 7.115279200990441 0.0329544170057261 0.793400049768419 9.4562985297212
748 1.7141217477080817 7.5175460641730805 0.020359998210643937 6.882694166432445
749 9.876296457709264 1.2143810949152323 4.477525403975369 0.39115924864436713
750 9.68870464126325 3.9726480758095892 6.394092702688146 5.435769208576408
751 6.214861223315551 4.811973529485694 9.308400022676555 0.7663596773027082
752 3.2474545956704537 6.370987547265071 0.36565037622111607 8.736898082276113
753 6.991763722339894 8.089004305982437 1.375258450991269 0.008012990749222126
754 0.18365632989962744 7.543002611752199 3.737986981038526 1.242622655663571
755 2.811902582175494 2.29372547639636 0.1753094817642309 0.7314873328607452
756 6.09306524809581 9.838859349836067 1.8281978718993253 3.535908906518803
757 9.638230535013285 3.827896427458243 2.739798992726874 4.697683848013971
758 7.854368925763085 0.5624220608829589 4.996232972521638 6.341812238343269
759 0.5391252732797613 0.9872104291989869 6.872009831777872 2.085354452099989
760 4.356355764590902 9.871653338453386 3.2113256857926666 0.0662136452003248
761 6.4207442455107975 5.6876843925927565 1.9737653324861237 4.118522502370152
762 8.573347013779363 1.8095073792157346 3.382708236308354 1.1466898289361505
763 1.0959271342308663 2.092070888643285 8.436992797371163 1.5880680727428365
764 7.590461207971497 1.629378502093649 1.6811677897674315 9.004579664589418
765 8.54121009268319 6.550359863176748 9.076916138767453 4.306541217581316
766 9.680267592178172 5.079169573822211 5.578013228205023 9.8873094470509
767 2.693511086137703 5.76842708804469 8.583435132414586 9.035264409031706
768 0.03239527412368881 7.808038219806683 2.828009235270418 6.390039091263903
769 2.6380515322094 2.6188965594829994 9.467255779714094 5.922789095553094
770 9.237657878147337 5.559888720208567 7.122843323703255 3.9456932836486027
771 8.53907649164042 1.5082764920336356 5.477335715800011 5.9937649590256035
772 1.1282578333857618 8.317668587739815 2.641688494183013 8.072437000326369
773 6.164933314066207 7.71443157392092 5.966202826370383 4.727289425771738
774 9.075632529063016 4.062533629270613 2.225421867793802 8.667661252472325
775 0.3590747900151825 7.608455826154884 7.17971525725778 9.263795189312871
776 2.3475040109215675 0.3119423503767338 6.40106354590131 0.13754048602894864
777 0.3085470861913375 9.175006570585115 8.947820756168635 9.279541288539466
778 6.62569571821979 4.100745963623478 2.98299790232903 8.651221312127095
779 1.9615251625278751 4.745163476648543 7.752878836703668 4.0677681068201155
780 5.286277860823465 3.569331655962542 9.477539251950633 0.30871137152203354
781 5.445459598845824 0.3558740115985104 9.652111974233645 0.8655816122105398
782 0.5436051593341951 6.822885897579447 3.017404771137885 6.511522719478644
783 7.837394623879314 8.650047997359827 9.030740457551893 1.9656260867005748
784 6.059807132171948 6.225836714166616 5.052657433744811 5.325140844093367
785 4.1380232861582 4.731364908477165 1.662373438871274 0.6516108881777005
786 5.121297558281088 8.79554028934939 0.5246813165268904 0.1223733319580067
787 1.8010396340155221 6.887855049679557 3.0532095394883427 8.496749971504459
788 0.9838602446390399 5.859273575954884 3.7497503240424344 9.296647729531067
789 6.669350193426008 6.598317874999335 5.546615455863087 9.064181575033526
790 8.487878248777616 7.638593439973618 5.73875648673103 3.334317158975878
791 0.6697104969017686 4.735639555543731 0.16464195840723672 5.5484262774171045
792 8.54526659122255 0.925127964711504 0.1796555294549551 8.035036903837689
793 4.117345748401736 3.3810728343400767 1.6630419279334507 2.3969480743195772
794 9.599671808265182 0.511860364476342 7.809196236727441 5.1692758132312076
795 7.982118620766185 5.163540306777347 7.7763512376686705 3.4508804796862194
796 2.661499497558938 7.543968676604807 1.40049377060533 4.362022685172718
797 3.9678091565915374 4.538026027710105 6.1295946670923485 1.6439801405085108
798 9.019335814657737 0.45328294777276956 6.093011306801593 2.491752595315344
799 2.7560655222258736 7.917115466160556 4.793183243438311 7.7988704912795095
800 2.22932057121609 6.640424797028473 2.291509623454624 9.393713406227397
801 3.2665922994338703 2.0697477401092312 4.957558566104215 8.559637713562386
802 8.484038116485467 5.568688016753369 0.8605304237201195 1.1565976469897943
803 8.285134691882575 2.7012418659435857 6.704154309603442 5.9998429424759205
804 1.9624877506459826 6.433726062565634 2.840973697174649 4.8016588806654035
805 4.310823915386407 7.6286616256072834 1.3492306838208679 3.9450099307819917
806 4.262694412684185 6.073107850085927 8.415332889540034 0.6333376749104802
807 5.974445948858898 1.4655765391884867 6.337150035550523 8.548654124035634
808 9.518524744117244 5.279803313737927 2.348148856269845 1.050459944065547
809 7.8791946680786555 1.2302885378789508 1.1596507856869254 3.1609143691394657
810 9.302269643803335 4.1836636472760595 5.628246742036192 7.1070662959907835
811 9.215472954827328 4.791580260420304 5.277687513519096 0.02884955897853425
812 3.9145541683076255 9.864955073509726 5.539317432210361 6.611941037941921
813 9.001305411210293 6.566051364219657 1.5223949040396234 3.8674615099832286
814 9.163142375068723 1.864012180503578 8.885406153753534 0.055897463094963795
815 2.2999221738985143 7.38110436218637 0.9517410600378517 4.840509877069163
816 0.23219252391119882 3.75107257744955 5.597871287221489 3.155885464312517
817 0.2660785756893791 7.917642129641182 7.639431694685642 0.9901785401565366
818 6.743531202724505 1.4203525744966827 2.4503742536659567 7.304982492602599
819 9.372674097932673 7.646539560925014 4.372628098681571 2.6546566590146616
820 5.611506784742886 1.2724306316234701 9.108465549793301 1.7173315971827352
821 7.669229922295661 3.6729527866573344 2.7350403231562193 3.912698673511563
822 0.7929825131021806 3.948997908309735 1.2403266775760924 3.5570876391060047
823 8.423789195965716 6.402527313684329 3.5519594409798847 8.59422249720662
824 1.534035655078354 1.7840394553430794 7.915233116184083 4.840434595797984
825 3.999804906699873 1.4435678281145148 6.173791296250862 0.8960112989532287
826 3.2149225001430324 0.6355091803130464 3.016298156935928 7.399736613083181
827 5.319573148826269 9.659233631185202 7.574651953821103 3.141581175187528
828 7.39487169543318 9.261559371413213 2.8940629726555844 9.698886541613769
829 4.765777645182311 9.78381924460785 4.742590909421931 5.724274519634701
830 0.15827068465915972 1.905389624737882 4.987492071582493 1.7889120065760011
831 2.8727074039138634 0.5171858687692266 6.3380021977407885 6.772644298835324
832 0.3638055833799725 2.2527764812342443 4.638940326783328 7.192903269127763
833 1.6587098733474304 1.5114041990118787 2.0967861062504225 1.5771912008916666
834 1.8981164999550726 9.426344371665719 9.829651103743453 3.0093240460297253
835 9.951440654295736 5.163671228632821 0.9548246868795651 4.317515513075131
836 6.535534670071847 9.18064431664798 6.0623493674058695 2.022770365487434
837 8.557475485769956 3.629565492631629 1.3703336988206627 7.128946515258599
838 6.505457826222724 5.962100309561112 6.117492197062266 3.111236763021634
839 5.627843104767414 7.9706986869810805 9.8206512688373 4.047711766355539
840 8.368932479710953 3.997884837510397 1.9097388767303813 8.738953926808694
841 5.071045366660243 8.850833705386988 5.950030745244276 9.873708847212182
842 2.306001846239031 8.077789950144302 8.171202914916481 0.8238610451161521
843 3.3651235993828568 0.694522185432972 5.344992891022333 6.489943352744976
844 3.415381759665297 7.193152276764124 0.18804957700751634 8.768772569432677
845 2.620336311345024 3.722333021687121 3.413808394013398 1.677692493019951
846 4.12802993599941 6.696896836911941 0.3170001666046296 5.94530659472521
847 0.244009088913546 0.7767276943811185 6.3466648710828615 7.966459958711339
848 9.336168175507405 7.148761546644192 0.5083055214555032 3.4196318137077366
849 8.059120685802249 8.352648879349793 7.633087928584425 1.5577832732812646
850 8.339322492468007 0.5097645089627234 0.5617524189888268 2.2090995760022025
851 6.2281860657074635 3.7468821366493685 1.1131736597637154 3.861955636533324
852 0.20893964286382793 6.849977108197728 4.342264984579324 7.858822404918595
853 9.834000326022922 2.7402570690365713 4.039198341640074 0.6867263876083263
854 1.6731489883568285 7.233666114401469 8.681662934901478 3.627260361834075
855 8.468805530569915 4.726744245953999 6.124166660810452 6.61703933536018
856 9.123224665058776 0.9458649118208118 2.193138376971379 1.069879665636213
857 1.6834419204850881 4.703517636965163 3.0538590898142104 4.624876883976302
858 8.843318113033199 7.724439069164216 3.7250170930541273 9.30994443566961
859 5.648049181986172 4.036039073802047 5.438945033414951 3.448265849019281
860 2.065016307568582 8.161707334306666 2.6803634243330468 6.785505444110286
861 8.875875142338701 4.412229940114402 6.683721248851127 7.778513115271561
862 3.9482931404560984 7.93968021641017 5.928991330756849 1.76164682071292
863 7.361759733412418 1.8997939841584377 5.748037763568982 8.794730384321175
864 8.090415625305127 4.0629796967948915 8.538447519989344 0.39705407431470774
865 1.9868533077839234 0.5207495244741511 3.278975637366951 5.084711618416113
866 0.6643658931247187 3.7535033491256407 8.05052438000046 3.6539671307557207
867 3.5411323038969025 7.2572381475386365 2.0888387179592915 6.491225632275012
868 0.7883411737449453 9.170890673301717 4.529869576798657 6.840578398838265
869 3.2152764861370775 2.902668987008461 5.456019788080326 5.922785427725
870 6.227897721195244 3.62286170364319 1.1112516164653896 8.074939638490946
871 8.91346829764165 5.672263224846858 9.22530675490999 6.6679599266040315
872 6.032297227829226 7.4294832370699995 2.27204562528851 4.459440995521183
873 0.2386774341132636 6.9870603626404275 6.184189056424597 5.252284555897942
874 4.206619822667904 4.105430134163759 9.556501552881736 7.254922922383855
875 7.501993635149864 1.3454481466862644 3.6917279237967904 2.3768402893572507
876 1.0212071906398157 0.024300391569916924 6.978356593395404 9.84348516891368
877 2.6075695347617867 4.6962806008806455 8.03655134500085 6.97755856813945
878 1.0599964064171175 3.229050768077888 0.8283552963043972 4.769054083989646
879 2.164736642093245 8.227644486368265 1.5005401254621042 0.9443159677747437
880 9.60930824304352 9.552610843272966 1.1132386403378014 8.644770996468779
881 5.678856815560195 6.985338716488955 0.6047616440757198 4.538882814029289
882 1.488652113675103 6.712741918568592 4.35276725566971 6.216265226037572
883 4.172470736799834 5.235126524440247 6.514220010113587 5.0507852191213845
884 8.925109543984693 9.545200055123091 9.961336119128033 7.369872033626761
885 7.088308057323682 2.982826625826238 1.077980783966489 3.7301458584517366
886 7.572860196196026 2.0392686898739933 4.940750005360044 3.3748615207293264
887 7.825719159647576 0.5663017579008067 4.48123323029323 8.536564523925161
888 2.2794113737228794 4.339721092769514 4.110716497170882 1.1487355835177981
889 0.7620925352382824 0.7334110611930666 2.9858566856799715 2.7431002722519926
890 6.700093760780691 5.379276243785167 5.603621144107974 6.834662432873612
891 5.110821073811326 0.11998520686373526 7.736046335283447 1.9344204511374807
892 3.3623879767303633 4.305609957427018 3.850148501547542 2.4801043706142742
893 3.4673770194887954 4.541889468881618 8.105568184310961 4.438175217997805
894 3.2816397076327473 6.3669853548501765 4.782310584618114 2.1057057253278644
895 5.39506149605492 5.015236103060458 5.5632012755256435 2.7286639516980573
896 6.7297328376509045 1.4205622016140584 0.48044296744432446 5.953502077024484
897 8.901987388242734 3.9188075812608894 6.532930158601559 5.841852395468258
898 9.258274990017375 5.727451073848172 2.9907350539349364 4.203512831136807
899 5.160862747888294 3.212756140617051 5.22545288958029 5.340806707975342
900 9.577866017790628 0.19857239239059354 9.539854527080937 3.9477804317476703
901 4.323131351217402 9.127638737401005 9.91756242535298 9.870603782247787
902 8.39500512071664 0.7553833819464517 3.873229150226355 5.7109183490826965
903 2.7790394387464525 0.23785159878583095 8.655968703076256 5.841781252716044
904 9.80820407368172 8.969536645613081 0.943547640911242 8.306229566523967
905 4.715184444498485 8.33352785796306 2.862120387033056 4.281392138000877
906 9.364865744845403 3.645530655104352 4.676044057348117 3.3164603098859304
907 3.3211149695334887 4.004957026951526 9.81459066712037 6.3907215047424595
908 5.380492781236347 6.510417113619527 1.0371249594397225 2.9882491795876334
909 9.49653803001144 1.353595380488709 7.485589146212993 2.8487340489100834
910 2.6217864594638884 7.674625268171727 1.1329054980329734 7.8293345658173354
911 8.410700972141992 8.743721311475891 7.708160996835574 4.400308266251788
912 9.95520184592692 9.027968202827191 1.564215854985268 2.6975846051429073
913 6.765509076128275 5.008805997966903 6.15063892616501 3.768325586783109
914 6.062516805481131 6.234891562199413 1.764636215616825 2.670910099972464
915 6.1139390143955765 3.0266569439446425 0.07490741616189789 1.4286742427935883
916 9.824982716579813 2.4930274269693675 0.5481314563858142 2.4871236907431795
917 0.08531507217099166 5.077398400881666 7.355043511254379 0.2872296142535191
918 4.477614953389931 9.71911729254879 6.592838886482521 5.842808458957544
919 5.869005837013248 6.898351671252839 2.732895035983444 6.797875514965337
920 7.135188683218652 5.32636605309385 0.08757851254580729 3.3402567922534168
921 2.808108190852996 9.849877438351221 9.787161483608463 8.56062749278988
922 7.791499753385579 5.257287142190102 5.267643710052256 0.37154410523743686
923 3.454678769834316 3.1062417079648466 9.592536744448516 0.9389214897048415
924 4.39345673741654 6.436105277270165 6.0664376727619365 8.728798768808804
925 4.938074286593961 0.2855701139687805 9.545479287487273 7.7351304996475605
926 3.0915632441419003 4.304777033590874 9.609517025544069 8.22972904190688
927 0.9979666172160995 7.4329492676637 8.33316948555769 3.4633699621962566
928 5.268353951872048 3.606691448000409 4.7776041721703875 7.1474742443682775
929 7.533592482877171 1.7707429576533984 5.522218133012301 7.258656988733475
930 5.446348165098809 3.0821142310833682 5.56513311616081 2.7338373140424355
931 7.020800722692187 3.130180166458938 6.743689795003104 0.961483637605185
932 6.6770827912735005 7.2394372663737 1.460889655716896 5.624964869264226
933 9.64845989350352 2.478281891097992 7.951000790445909 6.416868813378656
934 2.512785927407183 0.8662970497292422 9.577308232136126 4.418535421605463
935 1.5257895656525322 4.454186192518675 4.727255373287286 9.526949081218373
936 7.162254071630887 4.444622927993915 5.754988791434115 9.211519401312291
937 2.8121757407951176 3.328935555389992 5.118584309991574 1.0961731950005316
938 7.932498098269125 1.1336785665239202 4.368996907143218 5.3875723109025735
939 1.1210354744350493 4.302788739853022 6.970045469058368 7.008159512598277
940 6.557716317698662 8.485160559442004 9.06350612817212 1.4431253398824873
941 8.049290458683926 4.554119791124638 3.240652185109849 2.773284449719491
942 8.5171602810865 0.5544121732723295 9.141351089607078 7.141233191434537
943 9.184014573415828 0.9539654199824177 1.2740871507132434 9.98605734593321
944 1.9434536629358357 8.571821874767068 8.83504684856654 0.7822445716232973
945 0.4378159808893445 3.8602855806909178 4.501670951239051 4.731350564818708
946 0.22292846592358084 0.8384602377346861 9.185842461449166 6.880355911534924
947 6.064517803429574 8.905998235880535 7.554141282286762 0.47854266056493566
948 4.889540892615028 5.010027189361054 4.757369256575954 8.035110569147122
949 6.206698927818274 1.1948497821778803 8.25880876122908 0.5026406762395264
950 7.913927179731508 8.433164308420412 9.910445485573005 7.286909073234604
951 4.326656517293154 8.819186521941425 2.4986528974927538 7.371441268700211
952 4.989165390341075 4.698198249908666 1.8656010112453048 9.745587813229328
953 7.372356170647011 5.113686643244577 0.4099158629825639 9.537795309757545
954 3.9148018950262156 7.072378874686952 0.27988453485188747 4.781133748997296
955 4.029927956566487 1.5591187640122317 4.894763364213661 7.576036776148845
956 4.680708611904376 1.9776716766628266 5.564515604922456 2.565594556108012
957 8.91427329412562 5.750184192772938 5.925568245902011 5.101639907380049
958 0.3523313011772211 8.177167564556383 0.6699430909619863 1.2552470866925658
959 3.049345601439767 1.3415112716127175 6.617384860979435 1.9131652204779226
960 0.3588914823115741 9.834176519818584 3.56487392880527 3.6020878082973704
961 3.489664691506081 9.385860816437837 9.545173636579143 9.395559776319647
962 0.28610517525436197 4.108060364639522 0.13583464053182115 4.28370743027731
963 7.434630742962526 2.9786052831855105 4.2823381340111535 0.7238710199835441
964 4.774981704336767 6.450874365363521 9.733826231953442 1.7406101763856396
965 8.687197303250983 9.622546263025258 9.63713991823218 0.9064389192356848
966 2.6282619664738127 9.2688753639404 8.094637876311284 0.8100441599353292
967 6.808467587294525 8.227129433417046 6.563550927126172 4.206627437229687
968 5.726063649145527 2.1129607238059824 4.85937827356119 4.945400414462782
969 1.81977613687759 0.15612417577213877 0.22310634642011218 8.982159392982197
970 5.852290490085914 4.06210151976822 5.4217921055409 9.310248302867306
971 9.803818539217215 6.237823782833094 2.17432192738218 2.4811165652652223
972 6.033371797567195 1.4638295644262533 9.32891816671792 8.536065081474684
973 7.256391493431499 4.1518366702685485 6.1662364434469 0.6336652936817067
974 5.490893719048078 6.69584460642519 9.961657112352277 5.4327259263879295
975 4.540305103829569 3.106524739116602 3.5126438934666684 0.3785751695125794
976 9.809684081230975 6.112800622521685 2.7218075644413564 9.440813912207082
977 1.2930312533511479 5.221153119590553 6.523574881135534 4.563587568328778
978 0.4229148970001584 7.842335825129566 1.4521345684732867 6.11481468585922
979 9.139649414539345 5.5268161600601085 0.9705922998253003 1.9587006483810065
980 0.015781456559300633 2.5944088090934683 5.3160338352218774 1.42625689024247
981 9.562652782799333 5.000199048844436 1.0624644031642927 7.421432111614903
982 2.9493264940829644 3.148002106598441 0.8633518118018557 7.1758618138264865
983 7.280177951971632 3.5442391130662907 2.90777346155892 9.753120614377297
984 2.305965888508894 0.6792565425389774 6.508926282816087 6.303764140477046
985 1.984218856304304 2.3297496839764764 4.941028374900604 7.285330775445724
986 7.658281782082458 8.595099670912203 9.150408663400633 9.386866158060144
987 3.7903894654515033 7.412066773201792 6.288838324071081 3.7354239350456195
988 0.16264471618070875 7.03642803377416 5.151932610493532 6.112388715703542
989 0.250796329111701 9.03678495109857 6.552713670820318 9.370354024551853
990 4.079227613289358 3.714909876085193 0.42018691038347544 8.016681064753744
991 5.281583595287862 3.548640212973373 2.985055882495807 5.017756139462889
992 6.319974024224008 9.24746634434986 6.799461068660393 1.278351010661205
993 2.85671554759063 7.3176068949052215 3.5348963582039614 8.963385908745561
994 8.126081755835397 7.652497578859945 4.512221039083465 0.8547805655697815
995 0.8195531015849178 4.596267393506379 6.739951222794613 9.273974943458706
996 5.476567353028048 5.171912845033049 2.871781207808586 9.751086070151644
997 2.663795042547974 3.7225200377225285 1.9415501026041881 6.5845629164452735
998 7.329470836698525 3.0830310391495908 3.9936326771940323 9.710588197981064
999 7.63533813495938 8.581685133608099 5.799004831761472 4.889370289402466
1000 3.2972652028472327 2.66440959639358 6.731991208911502 2.115853716714744